0.25 0.5093385 
0.5 -0.059556723 
0.75 0.014641628 
1.0 0.058514223 
1.25 0.06559313 
1.5 0.049006455 
1.75 0.05090813 
2.0 0.0556104 
2.25 0.058114804 
2.5 0.0653944 
2.75 0.059523355 
3.0 0.06331422 
3.25 0.06273668 
3.5 0.053754963 
3.75 0.05036078 
4.0 0.04560546 
4.25 0.042779125 
4.5 0.032250714 
4.75 0.03460862 
5.0 0.03163372 
5.25 0.025222031 
5.5 0.023053624 
5.75 0.039563634 
6.0 0.037999198 
6.25 0.043076083 
6.5 0.058868412 
6.75 0.071248844 
7.0 0.08651257 
7.25 0.10576673 
7.5 0.13318008 
7.75 0.14763963 
8.0 0.17296757 
8.25 0.22293207 
8.5 0.19287094 
8.75 0.25270927 
9.0 0.26717544 
9.25 0.29695034 
9.5 0.3103826 
9.75 0.34220338 
10.0 0.3405252 
10.25 0.3587061 
10.5 0.33200634 
10.75 0.38928735 
11.0 0.3602964 
11.25 0.3268331 
11.5 0.3493593 
11.75 0.3042773 
12.0 0.27103102 
12.25 0.24075855 
12.5 0.20457987 
12.75 0.17673992 
13.0 0.09910141 
13.25 0.07611372 
13.5 0.029582584 
13.75 -0.028057395 
14.0 -0.06456172 
14.25 -0.11446853 
14.5 -0.15801512 
14.75 -0.1930851 
15.0 -0.21987298 
15.25 -0.2560839 
15.5 -0.31634635 
15.75 -0.32825923 
16.0 -0.36561137 
16.25 -0.39294833 
16.5 -0.4072499 
16.75 -0.46988294 
17.0 -0.436382 
17.25 -0.45616174 
17.5 -0.55249614 
17.75 -0.5583122 
18.0 -0.5485646 
18.25 -0.5834441 
18.5 -0.577098 
18.75 -0.59076464 
19.0 -0.6004369 
19.25 -0.5962576 
19.5 -0.60780066 
19.75 -0.57831085 
20.0 -0.5975006 
20.25 -0.56769884 
20.5 -0.5235718 
20.75 -0.5308688 
21.0 -0.45826697 
21.25 -0.42358553 
21.5 -0.3713538 
21.75 -0.3160234 
22.0 -0.26168096 
22.25 -0.18455729 
22.5 -0.1214136 
22.75 -0.03770244 
23.0 0.057873983 
23.25 0.13360877 
23.5 0.20600393 
23.75 0.31556135 
24.0 0.3763144 
24.25 0.48679549 
24.5 0.5840896 
24.75 0.659009 
25.0 0.74591243 
25.25 0.82009006 
25.5 0.8576005 
25.75 0.96970266 
26.0 1.0376476 
26.25 1.0793035 
26.5 1.0943434 
26.75 1.1029925 
27.0 1.0716008 
27.25 1.0450653 
27.5 1.0164303 
27.75 0.9214571 
28.0 0.84388834 
28.25 0.75902617 
28.5 0.5832445 
28.75 0.5098828 
29.0 0.3581155 
29.25 0.165562 
29.5 0.07940358 
29.75 -0.104077995 
30.0 -0.25072044 
30.25 -0.32664165 
30.5 -0.43366003 
30.75 -0.55664825 
31.0 -0.6702217 
31.25 -0.7591657 
31.5 -0.80802715 
31.75 -0.8343476 
32.0 -0.922359 
32.25 -1.0175998 
32.5 -1.0601404 
32.75 -1.0947523 
33.0 -1.0373758 
33.25 -1.1268263 
33.5 -1.1730123 
33.75 -1.1031682 
34.0 -1.086005 
34.25 -1.204735 
34.5 -1.1682731 
34.75 -1.0772103 
35.0 -1.0551605 
35.25 -0.93424314 
35.5 -0.89198124 
35.75 -0.8609841 
36.0 -0.75930846 
36.25 -0.660281 
36.5 -0.60337526 
36.75 -0.4934622 
37.0 -0.39741468 
37.25 -0.31406122 
37.5 -0.20071118 
37.75 -0.11734411 
38.0 0.013297637 
38.25 0.08782453 
38.5 0.16446869 
38.75 0.25047153 
39.0 0.31261802 
39.25 0.37019536 
39.5 0.42698205 
39.75 0.43616644 
40.0 0.44369453 
40.25 0.4561053 
40.5 0.48281983 
40.75 0.4677022 
41.0 0.4494244 
41.25 0.35267863 
41.5 0.33706948 
41.75 0.24279512 
42.0 0.29887483 
42.25 0.11935063 
42.5 0.06568952 
42.75 -0.031614203 
43.0 -0.095383324 
43.25 -0.19274162 
43.5 -0.19949993 
43.75 -0.33060163 
44.0 -0.33515352 
44.25 -0.39787844 
44.5 -0.3895756 
44.75 -0.38805553 
45.0 -0.38094932 
45.25 -0.32891652 
45.5 -0.33160412 
45.75 -0.23889711 
46.0 -0.24010925 
46.25 -0.16849288 
46.5 -0.094193004 
46.75 -0.051947635 
47.0 0.0012292727 
47.25 0.018703211 
47.5 0.031669326 
47.75 0.031229038 
48.0 0.023550313 
48.25 -0.021771355 
48.5 -0.07347177 
48.75 -0.09557789 
49.0 -0.14225136 
49.25 -0.22128065 
49.5 -0.26382723 
49.75 -0.3628355 
50.0 -0.4079361 
50.25 -0.53037 
50.5 -0.54422396 
50.75 -0.7069003 
51.0 -0.69880176 
51.25 -0.77894676 
51.5 -0.8455395 
51.75 -0.8857147 
52.0 -0.8827222 
52.25 -0.91648364 
52.5 -0.9447665 
52.75 -0.92620105 
53.0 -0.88666064 
53.25 -0.9010981 
53.5 -0.8763383 
53.75 -0.84769464 
54.0 -0.8317938 
54.25 -0.73868 
54.5 -0.7006105 
54.75 -0.62228173 
55.0 -0.57209086 
55.25 -0.5533423 
55.5 -0.49894086 
55.75 -0.46512324 
56.0 -0.44120097 
56.25 -0.42099842 
56.5 -0.4343859 
56.75 -0.45079178 
57.0 -0.46272668 
57.25 -0.48171467 
57.5 -0.5167261 
57.75 -0.5607932 
58.0 -0.58569294 
58.25 -0.65641576 
58.5 -0.6699318 
58.75 -0.71648955 
59.0 -0.76643294 
59.25 -0.88222426 
59.5 -0.8558467 
59.75 -0.93498296 
60.0 -0.9656265 
60.25 -0.9740312 
60.5 -1.0264906 
60.75 -1.0208105 
61.0 -1.015839 
61.25 -0.9957099 
61.5 -0.9582407 
61.75 -0.9128671 
62.0 -0.84514666 
62.25 -0.81948495 
62.5 -0.7263271 
62.75 -0.69366723 
63.0 -0.6072515 
63.25 -0.5186206 
63.5 -0.4742759 
63.75 -0.39741808 
64.0 -0.34274822 
64.25 -0.2947733 
64.5 -0.25556672 
64.75 -0.23997739 
65.0 -0.2619182 
65.25 -0.24397792 
65.5 -0.23584713 
65.75 -0.25490838 
66.0 -0.27574342 
66.25 -0.2887242 
66.5 -0.35046902 
66.75 -0.36281163 
67.0 -0.42058122 
67.25 -0.4298594 
67.5 1.3073263 
67.75 0.75047857 
68.0 0.24858028 
68.25 -0.09027649 
68.5 -0.17593686 
68.75 -0.12582962 
69.0 -0.07095957 
69.25 -0.062256247 
69.5 -0.08397153 
69.75 -0.107635975 
70.0 -0.1183996 
70.25 -0.117176995 
70.5 -0.11337215 
70.75 -0.11140141 
71.0 -0.11126565 
71.25 -0.111139275 
71.5 -0.11059963 
71.75 -0.10925323 
72.0 -0.10769814 
72.25 -0.10605566 
72.5 -0.104479246 
72.75 -0.10310981 
73.0 -0.101948336 
73.25 -0.100386634 
73.5 -0.09897784 
73.75 -0.09735215 
74.0 -0.09595646 
74.25 -0.09477009 
74.5 -0.09394668 
74.75 -0.09277384 
75.0 -0.09194888 
75.25 -0.091350235 
75.5 -0.09092151 
75.75 -0.09045832 
76.0 -0.09017242 
76.25 -0.09016204 
76.5 -0.08995295 
76.75 -0.09013938 
77.0 -0.0902724 
77.25 -0.090674564 
77.5 -0.09142509 
77.75 -0.09208959 
78.0 -0.09312146 
78.25 -0.09433048 
78.5 -0.095435515 
78.75 -0.09679383 
79.0 -0.09799352 
79.25 -0.099812984 
79.5 -0.10127334 
79.75 -0.10313216 
80.0 -0.1049421 
80.25 -0.107160464 
80.5 -0.10939131 
80.75 -0.112222515 
81.0 -0.114504926 
81.25 -0.117140844 
81.5 -0.11993549 
81.75 -0.12283744 
82.0 -0.12584098 
82.25 -0.12859893 
82.5 -0.13189381 
82.75 -0.13509458 
83.0 -0.13716379 
83.25 -0.14086576 
83.5 -0.14472514 
83.75 -0.14919525 
84.0 -0.15371862 
84.25 -0.15823354 
84.5 -0.16299394 
84.75 -0.1680601 
85.0 -0.17346218 
85.25 -0.17922126 
85.5 -0.18553805 
85.75 -0.19222502 
86.0 -0.19817331 
86.25 -0.20402569 
86.5 -0.21071878 
86.75 -0.21830854 
87.0 -0.22605929 
87.25 -0.23423246 
87.5 -0.24343184 
87.75 -0.25283164 
88.0 -0.2629337 
88.25 -0.27382347 
88.5 -0.28538358 
88.75 -0.29769424 
89.0 -0.3111652 
89.25 -0.32530963 
89.5 -0.33950567 
89.75 -0.35521695 
90.0 -0.37197423 
90.25 -0.3888894 
90.5 -0.40671015 
90.75 -0.42577222 
91.0 -0.44547316 
91.25 -0.46636423 
91.5 -0.4880604 
91.75 -0.5098773 
92.0 -0.53212553 
92.25 -0.5549302 
92.5 -0.57848763 
92.75 -0.603209 
93.0 -0.6282952 
93.25 -0.6560891 
93.5 -0.6832909 
93.75 -0.7112454 
94.0 -0.7395957 
94.25 -0.7685147 
94.5 -0.7977612 
94.75 -0.82691157 
95.0 -0.8565178 
95.25 -0.885586 
95.5 -0.9142189 
95.75 -0.94372255 
96.0 -0.9732484 
96.25 -1.002648 
96.5 -1.0320282 
96.75 -1.0616338 
97.0 -1.0903751 
97.25 -1.1180577 
97.5 -1.14532 
97.75 -1.1705174 
98.0 -1.195932 
98.25 -1.2202708 
98.5 -1.2431376 
98.75 -1.2656001 
99.0 -1.288523 
99.25 -1.3089089 
99.5 -1.3295932 
99.75 -1.3485956 
100.0 -1.3656782 
100.25 -1.3817058 
100.5 -1.3966627 
100.75 -1.4109132 
101.0 -1.4230956 
101.25 -1.434077 
101.5 -1.4431698 
101.75 -1.4511454 
102.0 -1.4595666 
102.25 -1.4659572 
102.5 -1.4706832 
102.75 -1.4739895 
103.0 -1.4760228 
103.25 -1.478551 
103.5 -1.4793098 
103.75 -1.4788896 
104.0 -1.477573 
104.25 -1.4743932 
104.5 -1.4699581 
104.75 -1.4645782 
105.0 -1.4586159 
105.25 -1.4518478 
105.5 -1.4441175 
105.75 -1.4356416 
106.0 -1.4257386 
106.25 -1.4155806 
106.5 -1.4052509 
106.75 -1.3936217 
107.0 -1.3819144 
107.25 -1.3696685 
107.5 -1.3570415 
107.75 -1.3433676 
108.0 -1.3294559 
108.25 -1.3152205 
108.5 -1.3011738 
108.75 -1.2860892 
109.0 -1.2713383 
109.25 -1.2567755 
109.5 -1.2431606 
109.75 -1.2277125 
110.0 -1.2123077 
110.25 -1.1967603 
110.5 -1.1815417 
110.75 -1.1664817 
111.0 -1.1513933 
111.25 -1.1356766 
111.5 -1.120228 
111.75 -1.105137 
112.0 -1.0900738 
112.25 -1.0747676 
112.5 -1.0593286 
112.75 -1.0439433 
113.0 -1.0286468 
113.25 -1.0135356 
113.5 -0.9964621 
113.75 -0.98117304 
114.0 -0.96685123 
114.25 -0.9528399 
114.5 -0.93858594 
114.75 -0.92451394 
115.0 -0.9122528 
115.25 -0.9000431 
115.5 -0.88764405 
115.75 -0.87535983 
116.0 -0.8631201 
116.25 -0.85164154 
116.5 -0.84042996 
116.75 -0.82955235 
117.0 -0.81839347 
117.25 -0.80757976 
117.5 -0.79690075 
117.75 -0.7866482 
118.0 -0.77687126 
118.25 -0.767616 
118.5 -0.7588241 
118.75 -0.75022477 
119.0 -0.73773533 
119.25 -0.7269975 
119.5 -0.71814805 
119.75 -0.7094661 
120.0 -0.7009618 
120.25 -0.69257116 
120.5 -0.68452793 
120.75 -0.6762295 
121.0 -0.66776735 
121.25 -0.6598093 
121.5 -0.65183353 
121.75 -0.64401704 
122.0 -0.6363968 
122.25 -0.6288465 
122.5 -0.6215864 
122.75 -0.61430234 
123.0 -0.6075006 
123.25 -0.6007981 
123.5 -0.59424883 
123.75 -0.58804333 
124.0 -0.5820141 
124.25 -0.5761189 
124.5 -0.57072103 
124.75 -0.56517684 
125.0 -0.560183 
125.25 -0.55622923 
125.5 -0.5514988 
125.75 -0.546775 
126.0 -0.54227024 
126.25 -0.5378977 
126.5 -0.5335747 
126.75 -0.5300381 
127.0 -0.52621114 
127.25 -0.5224379 
127.5 -0.5189037 
127.75 -0.515508 
128.0 -0.5122785 
128.25 -0.5091961 
128.5 -0.50639945 
128.75 -0.50381744 
129.0 -0.5012931 
129.25 -0.49896377 
129.5 -0.49691784 
129.75 -0.49508083 
130.0 -0.49210447 
130.25 -0.49022862 
130.5 -0.48876372 
130.75 -0.48768094 
131.0 -0.4869049 
131.25 -0.48630634 
131.5 -0.48583156 
131.75 -0.48545188 
132.0 -0.4856141 
132.25 -0.48567632 
132.5 -0.48595238 
132.75 -0.48646072 
133.0 -0.48740184 
133.25 -0.48823985 
133.5 -0.4893952 
133.75 -0.4907727 
134.0 -0.49211976 
134.25 -0.4938644 
134.5 -0.49568617 
134.75 -0.49784797 
135.0 -0.5000439 
135.25 -0.50221324 
135.5 -0.5048607 
135.75 -0.50774777 
136.0 -0.50946563 
136.25 -0.5120787 
136.5 -0.5156534 
136.75 -0.51936716 
137.0 -0.5232243 
137.25 -0.52717996 
137.5 -0.5310947 
137.75 -0.5353736 
138.0 -0.54008555 
138.25 -0.54485893 
138.5 -0.5497419 
138.75 -0.55505055 
139.0 -0.5602335 
139.25 -0.5656435 
139.5 -0.57060397 
139.75 -0.57558215 
140.0 -0.5805792 
140.25 -0.5853406 
140.5 -0.59016293 
140.75 -0.596032 
141.0 -0.60125434 
141.25 -0.6058258 
141.5 -0.6104044 
141.75 -0.6145366 
142.0 -0.61865264 
142.25 -0.6225368 
142.5 -0.6263084 
142.75 -0.6299992 
143.0 -0.63395655 
143.25 -0.63723093 
143.5 -0.6396283 
143.75 -0.64181936 
144.0 -0.6444 
144.25 -0.6463384 
144.5 -0.64741355 
144.75 -0.6482396 
145.0 -0.6489029 
145.25 -0.65280485 
145.5 -0.6542874 
145.75 -0.65360546 
146.0 -0.6527014 
146.25 -0.651539 
146.5 -0.6502165 
146.75 -0.6485707 
147.0 -0.6469032 
147.25 -0.64617306 
147.5 -0.6437677 
147.75 -0.64102614 
148.0 -0.6380371 
148.25 -0.63510996 
148.5 -0.63216823 
148.75 -0.62877095 
149.0 -0.62485933 
149.25 -0.6216538 
149.5 -0.6180408 
149.75 -0.61363643 
150.0 -0.6091444 
150.25 -0.6081392 
150.5 -0.60560656 
150.75 -0.60056895 
151.0 -0.5955349 
151.25 -0.59210336 
151.5 -0.58751196 
151.75 -0.582346 
152.0 -0.57733023 
152.25 -0.5726763 
152.5 -0.56664324 
152.75 -0.5603569 
153.0 -0.55397487 
153.25 -0.54715365 
153.5 -0.54040134 
153.75 -0.533283 
154.0 -0.5261984 
154.25 -0.51894677 
154.5 -0.51206356 
154.75 -0.50437015 
155.0 -0.49582982 
155.25 -0.48578835 
155.5 -0.47859183 
155.75 -0.4718597 
156.0 -0.4654108 
156.25 -0.45910922 
156.5 -0.45306408 
156.75 -0.44659585 
157.0 -0.43944648 
157.25 -0.4322178 
157.5 -0.42457607 
157.75 -0.41721886 
158.0 -0.4100244 
158.25 -0.4028868 
158.5 -0.39575097 
158.75 -0.3888249 
159.0 -0.38175598 
159.25 -0.37483892 
159.5 -0.36812672 
159.75 -0.3617388 
160.0 -0.35567826 
160.25 -0.3495602 
160.5 -0.3437916 
160.75 -0.3376426 
161.0 -0.33145815 
161.25 -0.3263981 
161.5 -0.32138947 
161.75 -0.31656852 
162.0 -0.3121305 
162.25 -0.3078217 
162.5 -0.30373457 
162.75 -0.2999053 
163.0 -0.2962931 
163.25 -0.29277366 
163.5 -0.28956252 
163.75 -0.28648052 
164.0 -0.2836398 
164.25 -0.28104126 
164.5 -0.27881 
164.75 -0.27630594 
165.0 -0.2739898 
165.25 -0.27188525 
165.5 -0.2700665 
165.75 -0.26817685 
166.0 -0.26651153 
166.25 -0.26489013 
166.5 -0.26343203 
166.75 -0.26192024 
167.0 -0.26033074 
167.25 -0.25911632 
167.5 -0.25820735 
167.75 -0.2574545 
168.0 -0.2566261 
168.25 -0.25581416 
168.5 -0.2551672 
168.75 -0.2546429 
169.0 -0.2541068 
169.25 -0.2536933 
169.5 -0.25324774 
169.75 -0.25303778 
170.0 -0.25283927 
170.25 -0.2527108 
170.5 -0.25266588 
170.75 -0.2528558 
171.0 -0.2529795 
171.25 -0.2530806 
171.5 -0.2531843 
171.75 -0.25340804 
172.0 -0.25371078 
172.25 -0.25398088 
172.5 -0.25434184 
172.75 -0.25482154 
173.0 -0.25530928 
173.25 -0.2558505 
173.5 -0.25645643 
173.75 -0.2571212 
174.0 -0.25789934 
174.25 -0.25869432 
174.5 -0.25953826 
174.75 -0.26047346 
175.0 -0.2613795 
175.25 -0.26230988 
175.5 -0.26324415 
175.75 -0.26425618 
176.0 -0.2655071 
176.25 -0.26638564 
176.5 -0.2674973 
176.75 -0.2686385 
177.0 -0.26983115 
177.25 -0.27102244 
177.5 -0.27221894 
177.75 -0.27342975 
178.0 -0.2746447 
178.25 -0.2759635 
178.5 -0.27728978 
178.75 -0.27906954 
179.0 -0.28047687 
179.25 -0.28191006 
179.5 -0.28337282 
179.75 -0.28487572 
180.0 -0.28650826 
