0.25 0.07248857 0.07831697 0.56933415 0.57164305 
0.5 -0.7077426 -0.70015866 -0.13663012 -0.14074728 
0.75 -0.59846056 -0.59233874 -0.06778643 -0.07347636 
1.0 -0.5316256 -0.52670914 -0.027834063 -0.034873117 
1.25 -0.50275433 -0.49872804 -0.024345241 -0.032595217 
1.5 -0.51153636 -0.5079841 -0.04802207 -0.057578668 
1.75 -0.50364774 -0.5004319 -0.052334927 -0.06313474 
2.0 -0.47165203 -0.46898654 -0.04969116 -0.06151501 
2.25 -0.44582132 -0.4435503 -0.04877998 -0.061564405 
2.5 -0.4141152 -0.412192 -0.04224844 -0.055910435 
2.75 -0.38968846 -0.38812616 -0.050217427 -0.06475017 
3.0 -0.34641737 -0.3452946 -0.043290995 -0.058385547 
3.25 -0.32289636 -0.32194546 -0.04358205 -0.059376102 
3.5 -0.28560218 -0.28510982 -0.04993025 -0.06619984 
3.75 -0.24533124 -0.24524057 -0.04890042 -0.06548579 
4.0 -0.20494156 -0.20520598 -0.047073744 -0.063835576 
4.25 -0.1632346 -0.16380568 -0.044734523 -0.06160721 
4.5 -0.11751667 -0.118528634 -0.04888601 -0.06572755 
4.75 -0.066908605 -0.06820547 -0.035150748 -0.051659666 
5.0 -0.02777714 -0.029265739 -0.029829009 -0.046037603 
5.25 0.010519579 0.008804285 -0.02856077 -0.04437922 
5.5 0.060504466 0.058466557 -0.0165448 -0.031536717 
5.75 0.10229468 0.10030945 0.01311148 -0.0011237827 
6.0 0.13639852 0.1342678 0.021943001 0.00854787 
6.25 0.18076871 0.17843574 0.043380156 0.031242652 
6.5 0.21368973 0.21144733 0.07387486 0.0629017 
6.75 0.24249272 0.24033836 0.10107965 0.09144817 
7.0 0.2777163 0.2754495 0.12917702 0.12093391 
7.25 0.29344675 0.29145232 0.16564827 0.15896535 
7.5 0.33243388 0.3303786 0.21424231 0.20942399 
7.75 0.347574 0.34558353 0.24082676 0.2376376 
8.0 0.3684153 0.36653417 0.2881174 0.28707832 
8.25 0.38500974 0.3835523 0.3564928 0.3572731 
8.5 0.35641062 0.35482997 0.3294298 0.3316181 
8.75 0.35789636 0.35702357 0.40251964 0.40651235 
9.0 0.39893883 0.397444 0.45256782 0.45936075 
9.25 0.38034576 0.37936592 0.49665636 0.5055481 
9.5 0.36900806 0.36811283 0.5201191 0.53085124 
9.75 0.34310132 0.34272006 0.56107205 0.5734048 
10.0 0.3123314 0.31199005 0.5647211 0.5784338 
10.25 0.2805017 0.28051627 0.5861098 0.6011425 
10.5 0.23998117 0.23985015 0.55806327 0.57412386 
10.75 0.23464645 0.23496899 0.613097 0.6295221 
11.0 0.17766806 0.17801532 0.57812595 0.5951175 
11.25 0.134904 0.13506748 0.5275741 0.54449487 
11.5 0.10841112 0.10896895 0.5338916 0.550167 
11.75 0.05809306 0.058456782 0.46480736 0.4801605 
12.0 0.015615978 0.015944028 0.40913486 0.4234097 
12.25 -0.023643289 -0.023337176 0.33245626 0.34429508 
12.5 -0.05728743 -0.057066478 0.25754648 0.26692516 
12.75 -0.07309135 -0.073011555 0.19765137 0.2048644 
13.0 -0.12215954 -0.122320086 0.06970733 0.07392797 
13.25 -0.14199951 -0.14201824 -0.015424506 -0.015510863 
13.5 -0.15642706 -0.15661435 -0.09707725 -0.09999321 
13.75 -0.18276888 -0.18301618 -0.20006259 -0.20612969 
14.0 -0.21132919 -0.21131213 -0.30053854 -0.31089598 
14.25 -0.23905115 -0.23894115 -0.39767355 -0.41164482 
14.5 -0.26254377 -0.26228797 -0.48205605 -0.49937534 
14.75 -0.28976092 -0.2891895 -0.57345545 -0.59449214 
15.0 -0.29164433 -0.2910313 -0.6440854 -0.66841805 
15.25 -0.31637722 -0.31550524 -0.71105874 -0.7382973 
15.5 -0.35144287 -0.35047084 -0.8114466 -0.8414814 
15.75 -0.37223673 -0.37074372 -0.8941674 -0.9281394 
16.0 -0.40309852 -0.40134314 -0.95100766 -0.987321 
16.25 -0.40880817 -0.4069655 -1.0052484 -1.0436958 
16.5 -0.41613606 -0.4140651 -1.0512564 -1.0915945 
16.75 -0.48466754 -0.48217005 -1.1654698 -1.209107 
17.0 -0.3903435 -0.38843066 -1.0796806 -1.1221066 
17.25 -0.45410433 -0.45127553 -1.1489518 -1.1937952 
17.5 -0.5277141 -0.52487373 -1.3096039 -1.3568236 
17.75 -0.5179202 -0.5149476 -1.3036823 -1.3512181 
18.0 -0.45941657 -0.45685726 -1.2583528 -1.3051059 
18.25 -0.48016182 -0.4774741 -1.3162658 -1.3635062 
18.5 -0.43211207 -0.42975867 -1.2614881 -1.307577 
18.75 -0.41206285 -0.40990025 -1.2379491 -1.2829133 
19.0 -0.40011522 -0.3979735 -1.2303721 -1.2743194 
19.25 -0.35515386 -0.353406 -1.1762112 -1.2181691 
19.5 -0.32254258 -0.32114547 -1.1279411 -1.1678889 
19.75 -0.27251327 -0.27125785 -1.0501077 -1.0878794 
20.0 -0.22920868 -0.22863866 -1.0035026 -1.0374905 
20.25 -0.17194949 -0.1716221 -0.9066281 -0.9380598 
20.5 -0.11320622 -0.11312519 -0.79177773 -0.8203394 
20.75 -0.06684707 -0.06738903 -0.73265594 -0.75707495 
21.0 3.7551217E-4 -9.709559E-5 -0.59675825 -0.61881876 
21.25 0.06932752 0.06811385 -0.47556585 -0.49390364 
21.5 0.12948091 0.12808678 -0.3694511 -0.3848295 
21.75 0.18307625 0.18151039 -0.2589182 -0.27150252 
22.0 0.23066317 0.22892077 -0.1438609 -0.15385693 
22.25 0.27584264 0.27417752 -0.033508554 -0.041567635 
22.5 0.309743 0.30810913 0.06392962 0.057847854 
22.75 0.35398263 0.35234314 0.18930504 0.18473905 
23.0 0.38442892 0.38299924 0.29122046 0.2871153 
23.25 0.4013246 0.4002766 0.37142107 0.36782312 
23.5 0.39375618 0.39300892 0.44147348 0.43734708 
23.75 0.43208885 0.43156767 0.5465546 0.54175645 
24.0 0.4169257 0.4167296 0.585262 0.57937086 
24.25 0.44858503 0.44863933 0.68781716 0.6807901 
24.5 0.45158175 0.4520478 0.7616025 0.7522174 
24.75 0.42856812 0.42959905 0.78284335 0.77047306 
25.0 0.37478936 0.37688383 0.77400684 0.75492543 
25.25 0.4398483 0.44128603 0.9344632 0.91688806 
25.5 0.27510855 0.27852607 0.72712564 0.69804704 
25.75 0.36374375 0.3664554 0.93707013 0.9065393 
26.0 0.2888215 0.29246444 0.8317355 0.7915943 
26.25 0.25975212 0.26367453 0.801102 0.7544092 
26.5 0.18603416 0.19074036 0.7214433 0.6647329 
26.75 0.17089392 0.17536944 0.67081964 0.6085842 
27.0 0.10394181 0.10863764 0.5393727 0.46626464 
27.25 0.09127323 0.09572102 0.4561922 0.3786731 
27.5 0.008200062 0.013244104 0.24272324 0.15181759 
27.75 0.009903955 0.0141136255 0.18801987 0.09741782 
28.0 -0.019351766 -0.015562497 0.03349661 -0.06321642 
28.25 -0.055648807 -0.051856514 -0.11304631 -0.2117669 
28.5 -0.06794047 -0.06534964 -0.15708461 -0.24851492 
28.75 -0.07474688 -0.07239411 -0.25187075 -0.3437635 
29.0 -0.076877 -0.07520444 -0.26621124 -0.35603186 
29.25 -0.06982902 -0.06933341 -0.21551245 -0.29120505 
29.5 -0.060491174 -0.060387753 -0.21434793 -0.2846741 
29.75 -0.059094366 -0.05985587 -0.15240647 -0.21688211 
30.0 -0.0516593 -0.053043116 -0.08422687 -0.14222305 
30.25 -0.040152833 -0.04177458 -0.033222113 -0.08813913 
30.5 -0.036762297 -0.03894449 0.023743695 -0.026341587 
30.75 -0.05904909 -0.06145624 0.02714064 -0.017039126 
31.0 -0.08519596 -0.08779043 0.0073991064 -0.031054372 
31.25 -0.105051994 -0.10780141 -0.0019789934 -0.035418235 
31.5 -0.12474785 -0.12731801 -0.020698693 -0.051192895 
31.75 -0.14593004 -0.14827569 -0.05300344 -0.080226265 
32.0 -0.18222538 -0.18458247 -0.10083983 -0.12351604 
32.25 -0.2273413 -0.22973338 -0.17326416 -0.19084641 
32.5 -0.25985044 -0.26187405 -0.2356408 -0.24994038 
32.75 -0.27836937 -0.2803299 -0.2672168 -0.27787998 
33.0 -0.2893015 -0.2906527 -0.29470932 -0.3048603 
33.25 -0.3419549 -0.3433781 -0.35695004 -0.36276364 
33.5 -0.3838869 -0.38509783 -0.41950822 -0.42230612 
33.75 -0.34118444 -0.34232682 -0.37854347 -0.378173 
34.0 -0.4040756 -0.40408504 -0.48432794 -0.4835259 
34.25 -0.45637447 -0.4575721 -0.49173364 -0.48582572 
34.5 -0.47411862 -0.47449243 -0.5672097 -0.56083757 
34.75 -0.45244896 -0.45235544 -0.5398418 -0.53226864 
35.0 -0.4436135 -0.4436881 -0.52365935 -0.5134024 
35.25 -0.39722142 -0.3968802 -0.47983253 -0.46895173 
35.5 -0.37765437 -0.37747246 -0.45672905 -0.44392803 
35.75 -0.37932354 -0.3790229 -0.46674776 -0.45251155 
36.0 -0.33866656 -0.33813816 -0.42781958 -0.41321364 
36.25 -0.26454392 -0.26436496 -0.3411748 -0.32532847 
36.5 -0.25429338 -0.25374377 -0.34746903 -0.3315761 
36.75 -0.1746292 -0.1745274 -0.2471481 -0.23020142 
37.0 -0.11274128 -0.11261159 -0.18547069 -0.16882022 
37.25 -0.065288626 -0.06513722 -0.13824503 -0.12194824 
37.5 0.01930214 0.019014802 -0.027247772 -0.0110318875 
37.75 0.06772432 0.06764543 0.017268494 0.03281312 
38.0 0.16306794 0.16272406 0.1361766 0.1512662 
38.25 0.21536528 0.21485247 0.20410979 0.21867846 
38.5 0.26300812 0.26255167 0.2600614 0.27368712 
38.75 0.31633967 0.31592596 0.32405826 0.33645087 
39.0 0.35156816 0.35122585 0.366784 0.37767097 
39.25 0.38106236 0.3808347 0.4036191 0.41304153 
39.5 0.41006485 0.4100105 0.43621597 0.4438867 
39.75 0.40649468 0.40660796 0.42883533 0.43483654 
40.0 0.39808014 0.39851284 0.40986007 0.4138438 
40.25 0.39907563 0.39953652 0.41317338 0.41528767 
40.5 0.41290796 0.41369912 0.41360253 0.41344303 
40.75 0.39125028 0.39229524 0.3784158 0.37613976 
41.0 0.36456287 0.36588567 0.336129 0.3315591 
41.25 0.30267724 0.3041222 0.25093353 0.2448651 
41.5 0.28954893 0.2913929 0.2111814 0.20280474 
41.75 0.22890842 0.23087679 0.12505703 0.11508123 
42.0 0.27149862 0.27395672 0.13886443 0.12615457 
42.25 0.1563469 0.15817855 0.023006678 0.009889273 
42.5 0.12037821 0.123246126 -0.08141013 -0.097155355 
42.75 0.07155235 0.07426803 -0.15074903 -0.16786563 
43.0 0.042668875 0.045297436 -0.2005431 -0.21903464 
43.25 -0.011756192 -0.009208455 -0.2772849 -0.2969432 
43.5 -0.001921912 6.587327E-4 -0.28596646 -0.30721465 
43.75 -0.07491215 -0.07259044 -0.37419936 -0.39609727 
44.0 -0.07220745 -0.06995505 -0.3790517 -0.40235698 
44.25 -0.10671866 -0.10485311 -0.40763435 -0.4315995 
44.5 -0.0881128 -0.08639586 -0.39223483 -0.41722953 
44.75 -0.08470634 -0.08336128 -0.37180698 -0.39757764 
45.0 -0.074844785 -0.0737203 -0.3490417 -0.37565193 
45.25 -0.043098032 -0.04226491 -0.29511812 -0.3225507 
45.5 -0.04465987 -0.044028472 -0.2798356 -0.30796582 
45.75 0.02077324 0.021082906 -0.1806414 -0.20967916 
46.0 0.01466111 0.014829397 -0.16669367 -0.19640444 
46.25 0.058971364 0.0588815 -0.087243736 -0.11775314 
46.5 0.10525027 0.10493966 -0.00783498 -0.03909919 
46.75 0.1262 0.12573685 0.04500159 0.013052445 
47.0 0.15722312 0.15667483 0.10780331 0.07521986 
47.25 0.15730408 0.15660296 0.1409778 0.10782159 
47.5 0.15161853 0.15084583 0.16633017 0.13254331 
47.75 0.1401984 0.13940556 0.18245617 0.14812256 
48.0 0.12789103 0.12715602 0.19114083 0.15627095 
48.25 0.08114557 0.08037642 0.16772594 0.1325028 
48.5 0.03383965 0.033152893 0.13755196 0.10194552 
48.75 0.011627893 0.011031213 0.13136576 0.09535828 
49.0 -0.028417325 -0.029020494 0.107834406 0.071578585 
49.25 -0.08917895 -0.08954273 0.0508321 0.014254747 
49.5 -0.11491972 -0.11510581 0.026974395 -0.009977191 
49.75 -0.18146658 -0.18130985 -0.052586064 -0.08992948 
50.0 -0.2138649 -0.21370299 -0.07716958 -0.11482875 
50.25 -0.29442155 -0.29386243 -0.17987207 -0.21791896 
50.5 -0.29366496 -0.29324144 -0.16868325 -0.20690502 
50.75 -0.39798576 -0.396666 -0.328911 -0.36788195 
51.0 -0.39115265 -0.39024973 -0.29803753 -0.3372994 
51.25 -0.426715 -0.42544985 -0.36480498 -0.40452796 
51.5 -0.45942178 -0.45775804 -0.42501253 -0.46545464 
51.75 -0.46820405 -0.4663659 -0.4526592 -0.49372047 
52.0 -0.43468094 -0.4326067 -0.4424462 -0.4842346 
52.25 -0.43598363 -0.4337944 -0.46376315 -0.506177 
52.5 -0.43311334 -0.4307531 -0.48263317 -0.5257708 
52.75 -0.3886343 -0.38617334 -0.45572 -0.49957293 
53.0 -0.32216856 -0.31965992 -0.4045509 -0.4491005 
53.25 -0.30825758 -0.3056839 -0.4063304 -0.4515551 
53.5 -0.2632547 -0.26068646 -0.3750389 -0.42099616 
53.75 -0.21141315 -0.20880297 -0.33674997 -0.3834376 
54.0 -0.17500654 -0.1723788 -0.31071997 -0.35811955 
54.25 -0.06999565 -0.067482494 -0.2075928 -0.25571588 
54.5 -0.0109114805 -0.008428218 -0.15986761 -0.2086533 
54.75 0.07806012 0.08047722 -0.07286446 -0.12241171 
55.0 0.14129063 0.14360076 -0.0113154575 -0.06152723 
55.25 0.17163719 0.17394882 0.013692409 -0.03727705 
55.5 0.23209497 0.23438784 0.07299872 0.021181665 
55.75 0.27432504 0.27656522 0.11291137 0.060667273 
56.0 0.30486342 0.30710748 0.13966525 0.08647769 
56.25 0.33308107 0.33541209 0.15996201 0.10583913 
56.5 0.32761207 0.32992846 0.14879239 0.09374644 
56.75 0.31802344 0.32040447 0.1306374 0.07460673 
57.0 0.3130573 0.3154958 0.11586054 0.058810372 
57.25 0.30037993 0.3028965 0.090432346 0.0323282 
57.5 0.27337778 0.27595234 0.0511429 -0.007982328 
57.75 0.23642208 0.23903395 0.001957573 -0.058216065 
58.0 0.21950895 0.22217968 -0.028599411 -0.08978624 
58.25 0.1617566 0.1645518 -0.10675506 -0.1689582 
58.5 0.15356988 0.15639734 -0.12848522 -0.1916938 
58.75 0.12168191 0.12467942 -0.18608311 -0.2502715 
59.0 0.0694264 0.07221894 -0.24095966 -0.30590928 
59.25 -0.033379246 -0.030404117 -0.37162337 -0.43737388 
59.5 -0.0019985638 0.0010856489 -0.35998967 -0.4265947 
59.75 -0.070341945 -0.06733138 -0.44676802 -0.51391137 
60.0 -0.09984177 -0.096823744 -0.49255306 -0.5603067 
60.25 -0.10504116 -0.10205293 -0.5134958 -0.5817163 
60.5 -0.15623379 -0.153336 -0.5783993 -0.64692587 
60.75 -0.15494208 -0.15203497 -0.5926633 -0.66159886 
61.0 -0.15691103 -0.15415832 -0.60127395 -0.6703704 
61.25 -0.14285944 -0.14015706 -0.5972391 -0.6665346 
61.5 -0.11997311 -0.11742002 -0.5763818 -0.6458842 
61.75 -0.09120731 -0.088782676 -0.55072236 -0.6204455 
62.0 -0.04193636 -0.039641686 -0.5011201 -0.57109714 
62.25 -0.035963044 -0.033794917 -0.49448067 -0.56467247 
62.5 0.031058272 0.03308832 -0.421831 -0.49221814 
62.75 0.04179298 0.04370413 -0.40689906 -0.47753632 
63.0 0.09877601 0.100570925 -0.34054932 -0.41148406 
63.25 0.15924208 0.16087979 -0.27129966 -0.34233928 
63.5 0.17404318 0.17554411 -0.24651968 -0.31759858 
63.75 0.2172567 0.21868649 -0.19068626 -0.26180646 
64.0 0.24035238 0.2416284 -0.15370639 -0.22468676 
64.25 0.25464943 0.25582775 -0.12367133 -0.1945501 
64.5 0.26038718 0.26148066 -0.10321996 -0.17404023 
64.75 0.24570397 0.2467324 -0.10355789 -0.17425041 
65.0 0.19544947 0.1964171 -0.13935485 -0.20983855 
65.25 0.17927852 0.18023136 -0.13986579 -0.2102031 
65.5 0.16191852 0.16281562 -0.14398924 -0.21403709 
65.75 0.117858715 0.11869818 -0.17407273 -0.24383698 
66.0 0.07458684 0.07543711 -0.20191443 -0.27047703 
66.25 0.033653963 0.034576446 -0.23443191 -0.30257517 
66.5 -0.037987307 -0.036998723 -0.30360672 -0.37125146 
66.75 -0.068940744 -0.06793351 -0.3266437 -0.39368865 
67.0 -0.13381872 -0.13272834 -0.3914271 -0.4577495 
67.25 -0.16046517 -0.15934175 -0.41198674 -0.47750378 
67.5 1.5678234 1.5698107 1.2846618 1.2192674 
67.75 1.0394021 1.0407974 0.7437691 0.67994714 
68.0 0.52219063 0.5239544 0.21988803 0.15666504 
68.25 0.16766196 0.16979004 -0.14162849 -0.20443141 
68.5 0.07748337 0.079638764 -0.2371802 -0.29957873 
68.75 0.1293217 0.13130488 -0.19014037 -0.2518627 
69.0 0.1848116 0.18663648 -0.13731489 -0.19822118 
69.25 0.19048959 0.19224356 -0.13391627 -0.19401336 
69.5 0.16225685 0.16400036 -0.16356449 -0.22288941 
69.75 0.13211615 0.13385895 -0.19481632 -0.25349444 
70.0 0.115946375 0.11766994 -0.21112734 -0.26907527 
70.25 0.111617036 0.113307565 -0.2151004 -0.27232212 
70.5 0.11099768 0.11265192 -0.215115 -0.27156347 
70.75 0.10887883 0.1105016 -0.21623817 -0.2718518 
71.0 0.104733765 0.106329314 -0.21876658 -0.27337635 
71.25 0.10019881 0.10177088 -0.22098807 -0.27460617 
71.5 0.096453875 0.098004736 -0.22264947 -0.27535617 
71.75 0.09389081 0.095419586 -0.22281617 -0.27454752 
72.0 0.09196639 0.09347227 -0.22201797 -0.27271983 
72.25 0.09026514 0.09175147 -0.22073045 -0.2703964 
72.5 0.08861961 0.090084344 -0.2196888 -0.26830122 
72.75 0.08706986 0.088515796 -0.21793948 -0.26549837 
73.0 0.085642695 0.08707037 -0.21626735 -0.26278526 
73.25 0.08439134 0.08580106 -0.21418539 -0.25967136 
73.5 0.08323124 0.08462264 -0.2120548 -0.25649104 
73.75 0.08215546 0.083529204 -0.2096192 -0.2530203 
74.0 0.08118916 0.08254592 -0.20846559 -0.25107363 
74.25 0.08023269 0.081571996 -0.20621789 -0.24804857 
74.5 0.07935918 0.080682 -0.20396553 -0.24503665 
74.75 0.078553885 0.07985974 -0.20159903 -0.2420041 
75.0 0.077691354 0.07897922 -0.19920355 -0.23895173 
75.25 0.07693355 0.07820563 -0.19575441 -0.23485981 
75.5 0.07616301 0.077418774 -0.1919398 -0.2304219 
75.75 0.075458296 0.07669763 -0.18708685 -0.2247788 
76.0 0.07472443 0.07594351 -0.17872179 -0.21483971 
76.25 0.07395564 0.07515766 -0.17310104 -0.20812379 
76.5 0.07328974 0.07447581 -0.16860361 -0.20274487 
76.75 0.07254882 0.07371668 -0.16402379 -0.19732113 
77.0 0.0718747 0.073024735 -0.15940695 -0.1918574 
77.25 0.07118873 0.072320685 -0.15516321 -0.18680835 
77.5 0.07049885 0.071611896 -0.15069553 -0.18156596 
77.75 0.06981421 0.07090872 -0.14624736 -0.17638734 
78.0 0.06906767 0.07014255 -0.14191356 -0.17132273 
78.25 0.06838001 0.06943482 -0.1372919 -0.16591915 
78.5 0.06769121 0.06872755 -0.13281621 -0.1608422 
78.75 0.067013696 0.06802839 -0.12810604 -0.15629117 
79.0 0.06630632 0.0673014 -0.123278946 -0.15118545 
79.25 0.06554092 0.06651783 -0.1189498 -0.14627399 
79.5 0.06483453 0.065791376 -0.114531584 -0.14144346 
79.75 0.064088084 0.06502597 -0.10995932 -0.13636804 
80.0 0.06333616 0.06425377 -0.10510748 -0.13099447 
80.25 0.062613375 0.063511565 -0.10035204 -0.12569545 
80.5 0.061893724 0.062773265 -0.09566313 -0.12044129 
80.75 0.06123768 0.06209679 -0.09070725 -0.1149363 
81.0 0.060580082 0.061421305 -0.08598674 -0.11002748 
81.25 0.059921373 0.060744166 -0.08118059 -0.10497077 
81.5 0.05922321 0.06002693 -0.076567575 -0.099840395 
81.75 0.058588125 0.059372876 -0.07158337 -0.09439411 
82.0 0.057962477 0.058727983 -0.06653864 -0.08887711 
82.25 0.057356052 0.058104213 -0.06174119 -0.0836537 
82.5 0.056679014 0.05741011 -0.057063565 -0.07853571 
82.75 0.056058582 0.056771867 -0.052244082 -0.07327455 
83.0 0.055478144 0.056175064 -0.047898013 -0.06847151 
83.25 0.05491624 0.055595927 -0.043497816 -0.06362498 
83.5 0.054360554 0.05502298 -0.03961444 -0.05930613 
83.75 0.05384653 0.054492317 -0.035676222 -0.05493571 
84.0 0.05331296 0.0539425 -0.031977452 -0.050815247 
84.25 0.05286917 0.053481914 -0.027946675 -0.046354543 
84.5 0.052370064 0.05296789 -0.024532154 -0.042538255 
84.75 0.051943995 0.052527152 -0.021357484 -0.038915794 
85.0 0.0515061 0.05207327 -0.017133124 -0.033800237 
85.25 0.051099364 0.051650614 -0.01417133 -0.03038172 
85.5 0.050690863 0.051226992 -0.01099384 -0.026731 
85.75 0.050322507 0.050843474 -0.007941285 -0.023227323 
86.0 0.049915716 0.05042265 -0.0051455814 -0.020009512 
86.25 0.049506083 0.049999 -0.0025967695 -0.017061265 
86.5 0.049133066 0.049613 -1.5403051E-4 -0.014239792 
86.75 0.048728514 0.04919596 0.0019490225 -0.011760229 
87.0 0.04837003 0.04882423 0.004076717 -0.009271328 
87.25 0.048033617 0.04847489 0.0062392554 -0.0067537175 
87.5 0.047672614 0.048101723 0.0080961995 -0.004541083 
87.75 0.047361806 0.047777556 0.010036973 -0.00225033 
88.0 0.047048867 0.047452305 0.011655353 -2.9482966E-4 
88.25 0.046736367 0.04712793 0.013130454 0.0015181797 
88.5 0.046414655 0.046794314 0.014535272 0.0032540348 
88.75 0.04607366 0.046442192 0.015836325 0.0048817955 
89.0 0.045765683 0.046123024 0.016967868 0.006369046 
89.25 0.04543232 0.04577782 0.018166777 0.008007576 
89.5 0.045154065 0.045488738 0.018963773 0.009107875 
89.75 0.044865347 0.04518859 0.019839298 0.010295116 
90.0 0.044549424 0.044861402 0.020524308 0.011310147 
90.25 0.044245604 0.044546343 0.021183126 0.012294062 
90.5 0.043964617 0.04425483 0.02172422 0.0131540075 
90.75 0.04368097 0.04396023 0.02227595 0.014011347 
91.0 0.04338734 0.04365588 0.022733584 0.014772005 
91.25 0.043116786 0.043374747 0.023161188 0.015498688 
91.5 0.042811643 0.043058865 0.023440309 0.016076768 
91.75 0.042501807 0.042738203 0.02367118 0.016608411 
92.0 0.042197365 0.04242381 0.023828484 0.017064271 
92.25 0.041878507 0.04209388 0.023789665 0.017326465 
92.5 0.04159087 0.0417958 0.02380739 0.017642606 
92.75 0.0413069 0.041501522 0.023759883 0.017893098 
93.0 0.041016683 0.041200448 0.023622207 0.018055249 
93.25 0.040729187 0.04090212 0.023464054 0.018190969 
93.5 0.040443137 0.040605355 0.023099579 0.018128378 
93.75 0.040146586 0.040298693 0.022634722 0.017974304 
94.0 0.039897505 0.04003884 0.022181595 0.01782327 
94.25 0.03962998 0.039760787 0.021557244 0.017514426 
94.5 0.03939958 0.039520215 0.020906938 0.01718582 
94.75 0.039144922 0.039255045 0.020071108 0.016682997 
95.0 0.0389084 0.03900785 0.019145796 0.016090075 
95.25 0.03868694 0.03877601 0.018062836 0.015344972 
95.5 0.03850189 0.038579952 0.017063523 0.014678363 
95.75 0.03825719 0.03832482 0.015806725 0.013753732 
96.0 0.03804556 0.03810227 0.014540467 0.012830829 
96.25 0.037853878 0.037900068 0.01315753 0.011788197 
96.5 0.037640084 0.037675608 0.011669799 0.010639831 
96.75 0.03746923 0.037494287 0.010060489 0.009369833 
97.0 0.037284657 0.037299123 0.008312877 0.007976664 
97.25 0.037106853 0.037110876 0.006484663 0.0065124133 
97.5 0.037048474 0.037042163 0.0044167894 0.0048190043 
97.75 0.036944967 0.03692815 0.0024361226 0.0032130755 
98.0 0.03682876 0.036802195 1.7881196E-4 0.0013322036 
98.25 0.036725905 0.036689196 -0.002116213 -5.7923474E-4 
98.5 0.036638934 0.036591925 -0.0044946303 -0.0025737735 
98.75 0.036571424 0.036514714 -0.0069529796 -0.004651703 
99.0 0.03654674 0.036480725 -0.009497158 -0.0068125897 
99.25 0.036559355 0.036484357 -0.012107698 -0.009057285 
99.5 0.03658322 0.03649912 -0.01478886 -0.011372763 
99.75 0.036607366 0.036514588 -0.017648837 -0.013852869 
100.0 0.03666633 0.036565505 -0.020474628 -0.016307604 
100.25 0.036702644 0.036593426 -0.02337707 -0.018833948 
100.5 0.036792748 0.036675468 -0.026345097 -0.021436688 
100.75 0.03688649 0.036761593 -0.029508842 -0.024248397 
101.0 0.03699522 0.03686305 -0.03254087 -0.02693083 
101.25 0.037154697 0.037015487 -0.035534218 -0.029593715 
101.5 0.037281476 0.03713568 -0.038748458 -0.032488476 
101.75 0.0375073 0.03735511 -0.04165604 -0.03508965 
102.0 0.03773941 0.037581466 -0.0446885 -0.03784463 
102.25 0.03796843 0.037804592 -0.04756528 -0.040452886 
102.5 0.038219403 0.03805048 -0.050382357 -0.043016236 
102.75 0.038494863 0.038321495 -0.053150762 -0.04554845 
103.0 0.0387336 0.038555674 -0.055834603 -0.048019063 
103.25 0.038984068 0.038801733 -0.05828976 -0.05027778 
103.5 0.039267506 0.039081745 -0.06080725 -0.05263222 
103.75 0.03955424 0.03936474 -0.0631776 -0.05485696 
104.0 0.03986427 0.039672215 -0.06541173 -0.056965552 
104.25 0.040158957 0.039964333 -0.067564234 -0.059014194 
104.5 0.040458016 0.04026092 -0.0695569 -0.06092409 
104.75 0.040773805 0.040575024 -0.07134722 -0.06264234 
105.0 0.041062523 0.040862203 -0.07295512 -0.06417259 
105.25 0.041363943 0.041162387 -0.07436314 -0.065551646 
105.5 0.041697964 0.04149631 -0.0758189 -0.066994876 
105.75 0.042004146 0.041802336 -0.076941654 -0.06812603 
106.0 0.04228384 0.042082284 -0.07813222 -0.06933818 
106.25 0.042593103 0.042391308 -0.07905738 -0.07029992 
106.5 0.04283976 0.04263858 -0.07990264 -0.07119591 
106.75 0.043124694 0.0429237 -0.08053327 -0.07189256 
107.0 0.043418746 0.04321863 -0.08105951 -0.072497874 
107.25 0.043699984 0.043501277 -0.081472166 -0.073003486 
107.5 0.043950964 0.043753546 -0.081735805 -0.07336676 
107.75 0.04418497 0.04398919 -0.081921466 -0.0736605 
108.0 0.04442049 0.044227067 -0.08200975 -0.073867775 
108.25 0.044664137 0.044473115 -0.08196863 -0.07395271 
108.5 0.044886436 0.044697586 -0.0817676 -0.0738807 
108.75 0.04508001 0.04489422 -0.08161345 -0.0738624 
109.0 0.045233697 0.0450511 -0.08136235 -0.07375331 
109.25 0.04541976 0.045240045 -0.080938175 -0.073470905 
109.5 0.045596 0.04541923 -0.08048722 -0.07316917 
109.75 0.04575027 0.045577034 -0.08000797 -0.07284281 
110.0 0.04593473 0.045764484 -0.07939567 -0.07238481 
110.25 0.04610787 0.04594137 -0.07875514 -0.07190185 
110.5 0.04623742 0.046075046 -0.078079335 -0.07138842 
110.75 0.04636988 0.046211258 -0.07734626 -0.07082461 
111.0 0.04652886 0.046374712 -0.07655665 -0.07020797 
111.25 0.04665642 0.046506666 -0.075674914 -0.069511496 
111.5 0.046784524 0.04663903 -0.074777976 -0.068790525 
111.75 0.046919808 0.046778984 -0.07380442 -0.067999735 
112.0 0.04701498 0.046878207 -0.07284454 -0.06722707 
112.25 0.047120705 0.046989474 -0.07184169 -0.06641549 
112.5 0.047216717 0.04709104 -0.07091731 -0.06567646 
112.75 0.047297236 0.047176734 -0.069839 -0.06478763 
113.0 0.04739462 0.047279447 -0.06879548 -0.06392766 
113.25 0.047487628 0.047377825 -0.0676571 -0.06297546 
113.5 0.04754585 0.04744198 -0.066584855 -0.06209415 
113.75 0.04764115 0.047542542 -0.06545812 -0.061156422 
114.0 0.047700193 0.04760766 -0.06438064 -0.060268637 
114.25 0.047754396 0.04766782 -0.06329835 -0.059375044 
114.5 0.047812928 0.04773225 -0.062202852 -0.058470532 
114.75 0.04789007 0.047815442 -0.061096177 -0.057555996 
115.0 0.047928665 0.047860302 -0.059993923 -0.056641705 
115.25 0.0479787 0.047916245 -0.05888733 -0.05572554 
115.5 0.048022848 0.047966585 -0.05776582 -0.05479244 
115.75 0.048044864 0.047994297 -0.056730848 -0.05395559 
116.0 0.04808375 0.048039854 -0.055628225 -0.05304682 
116.25 0.048119552 0.048082087 -0.054543555 -0.052152637 
116.5 0.048150595 0.0481189 -0.05343196 -0.051231757 
116.75 0.048203725 0.048178684 -0.052311324 -0.050295167 
117.0 0.048236158 0.048217293 -0.05123401 -0.049402483 
117.25 0.04826273 0.048250407 -0.05016546 -0.048524395 
117.5 0.048292212 0.04828625 -0.04911851 -0.04766828 
117.75 0.048290692 0.048291307 -0.04810952 -0.046844717 
118.0 0.048289716 0.04829654 -0.04712904 -0.04604572 
118.25 0.048290838 0.048303735 -0.046199046 -0.04529939 
118.5 0.048293553 0.04831286 -0.04523754 -0.044519693 
118.75 0.048281673 0.04830691 -0.044331633 -0.043791324 
119.0 0.04828081 0.048311606 -0.04342521 -0.04306029 
119.25 0.048263732 0.04830044 -0.042548265 -0.04235888 
119.5 0.048206605 0.048249274 -0.041729145 -0.04171408 
119.75 0.048160456 0.048208892 -0.041027848 -0.04120298 
120.0 0.048132442 0.048186418 -0.040286086 -0.04063494 
120.25 0.04808269 0.048142124 -0.039532598 -0.040053822 
120.5 0.048024323 0.048089273 -0.038902562 -0.039586093 
120.75 0.047961272 0.048031498 -0.03823721 -0.03907648 
121.0 0.047864206 0.04793993 -0.037656326 -0.038648568 
121.25 0.047806 0.047886696 -0.037083074 -0.038228042 
121.5 0.047725335 0.047810487 -0.036502205 -0.037795614 
121.75 0.047650974 0.04774092 -0.03597096 -0.037412234 
122.0 0.04755239 0.047646463 -0.035457715 -0.03704286 
122.25 0.04746164 0.047559842 -0.034961026 -0.036688026 
122.5 0.04735032 0.047452524 -0.034441143 -0.03630641 
122.75 0.047233388 0.04733911 -0.03397065 -0.035972565 
123.0 0.047102813 0.04721222 -0.033529617 -0.03566843 
123.25 0.046972748 0.047085494 -0.033084087 -0.03535639 
123.5 0.046820812 0.046936784 -0.03262769 -0.03502631 
123.75 0.046650894 0.04676997 -0.032205094 -0.034732554 
124.0 0.046465397 0.04658692 -0.031813093 -0.034461852 
124.25 0.046278868 0.046403024 -0.03142799 -0.03419682 
124.5 0.046076246 0.046202682 -0.031102087 -0.03398919 
124.75 0.045847565 0.045976132 -0.03078234 -0.03378381 
125.0 0.04562634 0.045756783 -0.030484831 -0.033598337 
125.25 0.045362424 0.045494758 -0.030202903 -0.033424996 
125.5 0.045107394 0.0452413 -0.029835103 -0.033149835 
125.75 0.04482837 0.044963334 -0.029543832 -0.032951664 
126.0 0.044535946 0.044671975 -0.029271238 -0.032772597 
126.25 0.044235226 0.04437254 -0.02908117 -0.03266983 
126.5 0.043945804 0.04408367 -0.028813414 -0.03248909 
126.75 0.043627273 0.04376539 -0.028529326 -0.032294232 
127.0 0.043299872 0.04343864 -0.0283215 -0.03216894 
127.25 0.042958315 0.043097306 -0.028042588 -0.031975016 
127.5 0.042604994 0.042744048 -0.027843133 -0.031859476 
127.75 0.042275973 0.04241495 -0.027551394 -0.03164889 
128.0 0.041906983 0.042045794 -0.027310483 -0.0314875 
128.25 0.041530937 0.04166943 -0.027079219 -0.031332456 
128.5 0.04116027 0.04129815 -0.026779827 -0.031109694 
128.75 0.04076231 0.040899992 -0.026605356 -0.031006666 
129.0 0.04037056 0.04050734 -0.026338944 -0.030811507 
129.25 0.03998646 0.040122513 -0.026135081 -0.030676669 
129.5 0.039573908 0.039709315 -0.025899608 -0.030506983 
129.75 0.03919504 0.03932985 -0.02565825 -0.0303287 
130.0 0.038798794 0.038932737 -0.025416294 -0.03015068 
130.25 0.03838939 0.038522266 -0.025143279 -0.029938983 
130.5 0.03799525 0.038126927 -0.024854854 -0.029711077 
130.75 0.03756969 0.03770045 -0.024583377 -0.029496737 
131.0 0.03716886 0.037298426 -0.024244834 -0.029215924 
131.25 0.036742628 0.03687125 -0.023958575 -0.028984334 
131.5 0.03635151 0.03647886 -0.02363268 -0.028710512 
131.75 0.035917807 0.03604387 -0.023291271 -0.028420951 
132.0 0.035491675 0.035616618 -0.022945443 -0.028126037 
132.25 0.035074983 0.03519912 -0.022592833 -0.0278209 
132.5 0.034666795 0.03478994 -0.022228627 -0.02750323 
132.75 0.03427137 0.034393523 -0.021830373 -0.027152473 
133.0 0.033889152 0.03401039 -0.021426747 -0.026792945 
133.25 0.03349726 0.033617884 -0.021035198 -0.026442803 
133.5 0.033082083 0.033201803 -0.02070581 -0.02614965 
133.75 0.032737494 0.032856956 -0.020309068 -0.025787465 
134.0 0.032380186 0.03249908 -0.019875357 -0.025386754 
134.25 0.03204326 0.03216201 -0.019463263 -0.025007041 
134.5 0.031705223 0.03182333 -0.018961873 -0.024543693 
134.75 0.031348273 0.031466383 -0.018489705 -0.02410962 
135.0 0.031037582 0.031155422 -0.017934427 -0.023594318 
135.25 0.030696796 0.030814331 -0.017434686 -0.023132186 
135.5 0.030384045 0.03050175 -0.016895948 -0.022634067 
135.75 0.03010359 0.030221488 -0.0163215 -0.02210056 
136.0 0.029898275 0.030015979 -0.015679875 -0.021500176 
136.25 0.029578464 0.029697051 -0.015182732 -0.021045025 
136.5 0.029317424 0.029436126 -0.014567678 -0.020472564 
136.75 0.029064104 0.029183634 -0.01400337 -0.019947845 
137.0 0.02885026 0.028970547 -0.013382951 -0.019369813 
137.25 0.028634494 0.028755268 -0.012761023 -0.01878918 
137.5 0.028405486 0.028527465 -0.012173671 -0.018244628 
137.75 0.028191585 0.028314242 -0.011578966 -0.017690418 
138.0 0.028060686 0.028184723 -0.010926788 -0.017081916 
138.25 0.027935714 0.02806063 -0.01023275 -0.016427439 
138.5 0.02774759 0.027873619 -0.009632599 -0.015869033 
138.75 0.02761188 0.02773944 -0.0089606345 -0.015237928 
139.0 0.027450584 0.027579855 -0.008334456 -0.014651411 
139.25 0.02731178 0.027442971 -0.0077209854 -0.014078561 
139.5 0.027233548 0.027366318 -0.007029103 -0.0134289665 
139.75 0.027139366 0.027273897 -0.0063700075 -0.012811447 
140.0 0.027062915 0.027199171 -0.005668931 -0.012156765 
140.25 0.026962727 0.027100582 -0.005015157 -0.011548663 
140.5 0.026881423 0.027021501 -0.0043183803 -0.010898116 
140.75 0.026834171 0.026976097 -0.0036326703 -0.010254125 
141.0 0.02677287 0.026916863 -0.002935247 -0.009602912 
141.25 0.026737897 0.026884135 -0.0022431612 -0.008954531 
141.5 0.026664892 0.02681363 -0.0016244878 -0.008379854 
141.75 0.02662125 0.026772156 -9.558308E-4 -0.007755187 
142.0 0.02658925 0.026742853 -3.031348E-4 -0.0071472772 
142.25 0.026613086 0.026768815 4.388285E-4 -0.006448944 
142.5 0.026665928 0.026823873 0.0012250985 -0.0057078376 
142.75 0.026611026 0.02677143 0.0018615252 -0.0051149298 
143.0 0.02658872 0.026751494 0.0024990272 -0.004519716 
143.25 0.026604526 0.026769694 0.0032058044 -0.0038552624 
143.5 0.02664151 0.026809074 0.0039094584 -0.0031933596 
143.75 0.026672818 0.026842616 0.0045794006 -0.0025640149 
144.0 0.02665665 0.026828952 0.005193218 -0.0019906345 
144.25 0.026715921 0.026890576 0.0058837677 -0.0013415386 
144.5 0.026740722 0.02691773 0.0065026334 -7.6130877E-4 
144.75 0.026845392 0.027025009 0.0071773464 -1.2576074E-4 
145.0 0.026890498 0.027072586 0.007772158 4.3096734E-4 
145.25 0.026982866 0.027166983 0.008423625 0.0010453428 
145.5 0.02703878 0.027225532 0.0090096 0.0015952331 
145.75 0.02713861 0.027328003 0.009623495 0.0021734103 
146.0 0.027217694 0.02740917 0.010201491 0.002717919 
146.25 0.027326196 0.027520217 0.010782829 0.003266108 
146.5 0.027456848 0.027653024 0.011410967 0.0038631675 
146.75 0.02756872 0.027767207 0.01197582 0.0043972167 
147.0 0.027691886 0.027892413 0.012528788 0.0049216766 
147.25 0.02779804 0.02800058 0.013045367 0.0054112514 
147.5 0.027894614 0.028099215 0.013541708 0.0058823647 
147.75 0.028037712 0.028244155 0.014059865 0.006374409 
148.0 0.028167011 0.028375505 0.014565257 0.0068550403 
148.25 0.028310776 0.028521312 0.0150527 0.007319306 
148.5 0.028469736 0.02868169 0.015505577 0.0077516367 
148.75 0.028641945 0.028855715 0.015987856 0.008216215 
149.0 0.028835693 0.029051336 0.01644108 0.008651234 
149.25 0.029030034 0.029247642 0.01688039 0.009071972 
149.5 0.029203294 0.029422361 0.01730044 0.009477636 
149.75 0.029399276 0.02961971 0.01774023 0.0099043995 
150.0 0.029590832 0.029812587 0.018161122 0.010312998 
150.25 0.02977717 0.03000025 0.01855192 0.010693709 
150.5 0.030005287 0.030229552 0.018979639 0.011110525 
150.75 0.030221969 0.030447137 0.019385431 0.011505528 
151.0 0.030445192 0.030671239 0.01978103 0.011890976 
151.25 0.030652752 0.030879589 0.020153627 0.012254723 
151.5 0.030902553 0.031129975 0.020545412 0.012638238 
151.75 0.03114294 0.031370785 0.020931274 0.01301832 
152.0 0.031356085 0.031584334 0.02126788 0.01334961 
152.25 0.031615563 0.031844117 0.021656292 0.013735145 
152.5 0.0318748 0.03210339 0.022057418 0.014135505 
152.75 0.032087196 0.032315843 0.022396585 0.014475446 
153.0 0.03231595 0.032543864 0.02276956 0.0148495855 
153.25 0.03252832 0.032756094 0.023095373 0.015177305 
153.5 0.032742508 0.03296946 0.023425788 0.0155114075 
153.75 0.033016186 0.03324246 0.023787916 0.015877161 
154.0 0.033241477 0.033467088 0.024122039 0.01621718 
154.25 0.033490077 0.03371478 0.024490345 0.01659327 
154.5 0.033694133 0.03391776 0.024797238 0.016907917 
154.75 0.033908207 0.034130737 0.02511226 0.017234227 
155.0 0.034119554 0.034340486 0.025420042 0.01755396 
155.25 0.03433677 0.03455627 0.02572634 0.017873242 
155.5 0.034544464 0.034762267 0.026026443 0.018187996 
155.75 0.034735903 0.03495209 0.026319308 0.018497169 
156.0 0.034931548 0.035146054 0.02663574 0.018830154 
156.25 0.035121232 0.035334017 0.026955407 0.019168014 
156.5 0.035332527 0.03554359 0.027287085 0.019520616 
156.75 0.035517775 0.03572661 0.027597956 0.01985339 
157.0 0.03572267 0.03592924 0.027932618 0.020211179 
157.25 0.035893608 0.036097597 0.028261937 0.020565096 
157.5 0.036044348 0.036246076 0.02857825 0.020906685 
157.75 0.036209572 0.036408987 0.02890211 0.021256132 
158.0 0.03638244 0.036579385 0.029247101 0.021627218 
158.25 0.036523566 0.036717884 0.029558858 0.021966971 
158.5 0.036648612 0.036840305 0.02987047 0.02230741 
158.75 0.036779866 0.036968745 0.030215722 0.022684349 
159.0 0.036932096 0.037118282 0.030579329 0.023080224 
159.25 0.037034072 0.03721721 0.030904714 0.023438975 
159.5 0.037149474 0.037329774 0.031259328 0.0238278 
159.75 0.037235234 0.037412796 0.03158119 0.02418474 
160.0 0.037322383 0.03749704 0.03193349 0.024573661 
160.25 0.037410147 0.037581902 0.032308903 0.024986843 
160.5 0.03748127 0.03765005 0.03263494 0.025349997 
160.75 0.037545115 0.037710726 0.032987416 0.025738664 
161.0 0.037592087 0.03775464 0.033316057 0.026104655 
161.25 0.037626322 0.03778583 0.033641342 0.02646808 
161.5 0.037639335 0.0377959 0.033936813 0.02680266 
161.75 0.037657652 0.037811216 0.034240983 0.02714781 
162.0 0.03768244 0.037832666 0.034564435 0.027512973 
162.25 0.03769487 0.037841886 0.034863707 0.027854707 
162.5 0.03768876 0.037832595 0.03518403 0.028219987 
162.75 0.03767225 0.03781305 0.03548848 0.028568355 
163.0 0.037643462 0.03778086 0.035771463 0.028896518 
163.25 0.037613764 0.03774812 0.036054965 0.029226072 
163.5 0.037569396 0.037700612 0.03633572 0.029552713 
163.75 0.037536703 0.037664548 0.036593203 0.029856225 
164.0 0.037506856 0.0376315 0.036870345 0.030181639 
164.25 0.037448853 0.037570387 0.03711677 0.030476019 
164.5 0.037413266 0.03753169 0.037366983 0.030775256 
164.75 0.037351858 0.037467115 0.03758617 0.031044193 
165.0 0.037297715 0.03740995 0.037819017 0.03132715 
165.25 0.03722461 0.037333492 0.03803017 0.031589452 
165.5 0.037162475 0.037268322 0.03822168 0.03183166 
165.75 0.03708814 0.03719097 0.038408056 0.032070253 
166.0 0.037024535 0.037124217 0.038594164 0.03230932 
166.25 0.03693978 0.037036452 0.038752906 0.03252068 
166.5 0.03685143 0.03694516 0.038904 0.032725193 
166.75 0.03676602 0.036856852 0.039036985 0.032912433 
167.0 0.03668533 0.036773227 0.0391498 0.033079453 
167.25 0.036602516 0.036687568 0.039244846 0.033229347 
167.5 0.036517575 0.036599882 0.0393556 0.03339638 
167.75 0.036430385 0.03650985 0.039408714 0.03350429 
168.0 0.03635811 0.036434896 0.03947428 0.033626236 
168.25 0.03627752 0.036351837 0.03948819 0.03369611 
168.5 0.03618522 0.03625667 0.03949711 0.033762347 
168.75 0.03609101 0.036159948 0.039472204 0.033794347 
169.0 0.036009178 0.03607579 0.039440252 0.033819 
169.25 0.035919804 0.03598403 0.03938417 0.033820327 
169.5 0.035853155 0.035915036 0.03929458 0.033788018 
169.75 0.035779275 0.035838965 0.03919986 0.033750076 
170.0 0.035693765 0.03575129 0.039075695 0.033683427 
170.25 0.035626493 0.035682157 0.038940527 0.03360491 
170.5 0.035559975 0.035613757 0.03877935 0.03350055 
170.75 0.03552139 0.03557334 0.03861818 0.033396047 
171.0 0.035460457 0.035510845 0.038445942 0.033280358 
171.25 0.035396732 0.03544548 0.038210347 0.0331006 
171.5 0.035358172 0.035405226 0.037992075 0.032941397 
171.75 0.035327636 0.035373226 0.03774567 0.03275356 
172.0 0.035279553 0.03532391 0.037475776 0.032542836 
172.25 0.03525935 0.03530243 0.037212323 0.032337856 
172.5 0.035242036 0.035283845 0.036917612 0.032101125 
172.75 0.03523487 0.035275474 0.0366101 0.03184993 
173.0 0.035232008 0.03527164 0.036288634 0.031583983 
173.25 0.03522472 0.035263255 0.035950687 0.03129988 
173.5 0.03522992 0.03526764 0.03560425 0.031006051 
173.75 0.035225276 0.03526229 0.035217825 0.03067078 
174.0 0.035254296 0.03529066 0.03485733 0.030360676 
174.25 0.03530211 0.035337962 0.03448245 0.030035427 
174.5 0.035330188 0.035365727 0.034079205 0.029679526 
174.75 0.035366386 0.03540156 0.033665836 0.029312447 
175.0 0.03541197 0.035446864 0.033271745 0.028963292 
175.25 0.03545274 0.035487406 0.032844946 0.028579947 
175.5 0.0355049 0.03553935 0.032428607 0.028205605 
175.75 0.035570513 0.03560492 0.03200396 0.027820876 
176.0 0.03564244 0.035676684 0.03158476 0.027439954 
176.25 0.035717398 0.035751667 0.031160457 0.027052626 
176.5 0.03578901 0.035823446 0.030739086 0.026666734 
176.75 0.035867564 0.03590222 0.030284185 0.026243882 
177.0 0.035953373 0.035988223 0.029853806 0.025844174 
177.25 0.036057696 0.03609292 0.029457074 0.02547784 
177.5 0.03613599 0.03617153 0.029011097 0.025058907 
177.75 0.036248595 0.036284607 0.028612267 0.024684902 
178.0 0.036341414 0.03637798 0.028195877 0.024291195 
178.25 0.036449507 0.036486685 0.027797654 0.02391374 
178.5 0.036533836 0.03657155 0.027367514 0.023502154 
178.75 0.036642496 0.03668079 0.026966594 0.023117278 
179.0 0.036744893 0.03678391 0.026565857 0.022729626 
179.25 0.036854453 0.036894172 0.026175998 0.022351895 
179.5 0.036969658 0.037010245 0.025809348 0.021994961 
179.75 0.037062448 0.0371038 0.025421027 0.02161455 
180.0 0.03716327 0.037205685 0.025061917 0.021259764 
