0.25 0.48513204 
0.5 -0.026303658 
0.75 0.04471858 
1.0 0.086970165 
1.25 0.0946662 
1.5 0.080899164 
1.75 0.08521043 
2.0 0.09029881 
2.25 0.09305408 
2.5 0.10030305 
2.75 0.09499113 
3.0 0.09744136 
3.25 0.09621846 
3.5 0.08602795 
3.75 0.08072995 
4.0 0.07298509 
4.25 0.067890614 
4.5 0.05466433 
4.75 0.052283246 
5.0 0.04594333 
5.25 0.036423847 
5.5 0.029126227 
5.75 0.039863404 
6.0 0.03403548 
6.25 0.03323304 
6.5 0.042743165 
6.75 0.049271844 
7.0 0.0591128 
7.25 0.071696036 
7.5 0.09016359 
7.75 0.09982744 
8.0 0.117126934 
8.25 0.1581774 
8.5 0.12759942 
8.75 0.18229157 
9.0 0.18250069 
9.25 0.20727703 
9.5 0.2161215 
9.75 0.24301887 
10.0 0.2382224 
10.25 0.25496984 
10.5 0.22930577 
10.75 0.28165042 
11.0 0.25633693 
11.25 0.22924322 
11.5 0.25326693 
11.75 0.21690348 
12.0 0.19118035 
12.25 0.17423522 
12.5 0.14978918 
12.75 0.13304605 
13.0 0.07562336 
13.25 0.06712079 
13.5 0.03576106 
13.75 -0.0029526975 
14.0 -0.02032662 
14.25 -0.05147474 
14.5 -0.07815236 
14.75 -0.091414765 
15.0 -0.101030454 
15.25 -0.12214264 
15.5 -0.15778017 
15.75 -0.14491859 
16.0 -0.16599154 
16.25 -0.17228082 
16.5 -0.1652922 
16.75 -0.19883773 
17.0 -0.17197037 
17.25 -0.1591942 
17.5 -0.21122251 
17.75 -0.2027492 
18.0 -0.18994838 
18.25 -0.19338271 
18.5 -0.18805441 
18.75 -0.1959301 
19.0 -0.1889925 
19.25 -0.18899715 
19.5 -0.20201245 
19.75 -0.1790053 
20.0 -0.20313503 
20.25 -0.19265759 
20.5 -0.18242908 
20.75 -0.19354314 
21.0 -0.15861012 
21.25 -0.17322338 
21.5 -0.14463007 
21.75 -0.12577648 
22.0 -0.11891593 
22.25 -0.07813089 
22.5 -0.047541045 
22.75 -0.021079477 
23.0 0.02904012 
23.25 0.092653885 
23.5 0.11498268 
23.75 0.18087588 
24.0 0.23021482 
24.25 0.29987603 
24.5 0.35849398 
24.75 0.4261031 
25.0 0.5033444 
25.25 0.532869 
25.5 0.6157802 
25.75 0.66818255 
26.0 0.7444732 
26.25 0.797351 
26.5 0.838829 
26.75 0.8547124 
27.0 0.85184264 
27.25 0.85775113 
27.5 0.8694076 
27.75 0.8074585 
28.0 0.7624152 
28.25 0.72565454 
28.5 0.5936356 
28.75 0.5381339 
29.0 0.4075173 
29.25 0.27303886 
29.5 0.17072308 
29.75 0.004923098 
30.0 -0.13642408 
30.25 -0.24743518 
30.5 -0.3913857 
30.75 -0.52978015 
31.0 -0.6534349 
31.25 -0.75962305 
31.5 -0.8576155 
31.75 -0.9173433 
32.0 -1.000917 
32.25 -1.0942146 
32.5 -1.1600459 
32.75 -1.1949327 
33.0 -1.1916279 
33.25 -1.2804812 
33.5 -1.3409514 
33.75 -1.2831323 
34.0 -1.2290184 
34.25 -1.4895612 
34.5 -1.3924856 
34.75 -1.3380139 
35.0 -1.3452865 
35.25 -1.2274055 
35.5 -1.1996281 
35.75 -1.1691862 
36.0 -1.0650153 
36.25 -0.9811051 
36.5 -0.89212114 
36.75 -0.80886793 
37.0 -0.695183 
37.25 -0.5882653 
37.5 -0.49511957 
37.75 -0.36892068 
38.0 -0.23894176 
38.25 -0.15424544 
38.5 -0.05014263 
38.75 0.06365944 
39.0 0.1531425 
39.25 0.23977315 
39.5 0.3355111 
39.75 0.38327584 
40.0 0.44101003 
40.25 0.4774043 
40.5 0.55510414 
40.75 0.5801841 
41.0 0.6119765 
41.25 0.5437523 
41.5 0.585006 
41.75 0.50457 
42.0 0.6422281 
42.25 0.39744252 
42.5 0.4610905 
42.75 0.34005135 
43.0 0.26003328 
43.25 0.13768756 
43.5 0.13623881 
43.75 -0.06979562 
44.0 -0.085364565 
44.25 -0.23161617 
44.5 -0.24133335 
44.75 -0.29373235 
45.0 -0.30966985 
45.25 -0.27867502 
45.5 -0.30751014 
45.75 -0.20875138 
46.0 -0.22328717 
46.25 -0.15074906 
46.5 -0.073657736 
46.75 -0.031889793 
47.0 0.028044373 
47.25 0.043184556 
47.5 0.058767222 
47.75 0.05743359 
48.0 0.053151876 
48.25 0.0016836142 
48.5 -0.048695523 
48.75 -0.065838456 
49.0 -0.114600986 
49.25 -0.18689145 
49.5 -0.21507123 
49.75 -0.29578346 
50.0 -0.33314002 
50.25 -0.43548998 
50.5 -0.4484532 
50.75 -0.5584964 
51.0 -0.55048126 
51.25 -0.6052573 
51.5 -0.6346991 
51.75 -0.64970005 
52.0 -0.6131133 
52.25 -0.6223189 
52.5 -0.62110287 
52.75 -0.57493174 
53.0 -0.50970304 
53.25 -0.4991846 
53.5 -0.45516872 
53.75 -0.40424976 
54.0 -0.3691314 
54.25 -0.25790834 
54.5 -0.20256463 
54.75 -0.10712911 
55.0 -0.04415127 
55.25 -0.011660618 
55.5 0.05611843 
55.75 0.09999133 
56.0 0.13277684 
56.25 0.16550076 
56.5 0.15546131 
56.75 0.14379978 
57.0 0.13580656 
57.25 0.11739793 
57.5 0.08214667 
57.75 0.034077425 
58.0 0.0031232168 
58.25 -0.07480233 
58.5 -0.09651227 
58.75 -0.15120098 
59.0 -0.22169772 
59.25 -0.3530631 
59.5 -0.3389742 
59.75 -0.44265723 
60.0 -0.49174917 
60.25 -0.52110326 
60.5 -0.5988786 
60.75 -0.61151916 
61.0 -0.6310542 
61.25 -0.6306819 
61.5 -0.6150148 
61.75 -0.59227324 
62.0 -0.54565644 
62.25 -0.542125 
62.5 -0.46766636 
62.75 -0.45602924 
63.0 -0.38848782 
63.25 -0.31938034 
63.5 -0.29786044 
63.75 -0.23909995 
64.0 -0.20581326 
64.25 -0.17754173 
64.5 -0.15936267 
64.75 -0.16405503 
65.0 -0.20634428 
65.25 -0.20552179 
65.5 -0.21758206 
65.75 -0.25733534 
66.0 -0.29727474 
66.25 -0.3297869 
66.5 -0.4114161 
66.75 -0.44395545 
67.0 -0.5216207 
67.25 -0.5500824 
67.5 1.2029023 
67.75 0.60118043 
68.0 0.0915035 
68.25 -0.25405774 
68.5 -0.35799837 
68.75 -0.3325637 
69.0 -0.30248988 
69.25 -0.31546462 
69.5 -0.35664535 
69.75 -0.39909452 
70.0 -0.42949206 
70.25 -0.44940242 
70.5 -0.4652372 
70.75 -0.4836566 
71.0 -0.5045032 
71.25 -0.5256548 
71.5 -0.54662967 
71.75 -0.56797117 
72.0 -0.5894911 
72.25 -0.6115789 
72.5 -0.63392794 
72.75 -0.65695393 
73.0 -0.68115807 
73.25 -0.7058725 
73.5 -0.7306737 
73.75 -0.75654423 
74.0 -0.7831466 
74.25 -0.8103704 
74.5 -0.8381369 
74.75 -0.8671366 
75.0 -0.8966148 
75.25 -0.9268229 
75.5 -0.95784056 
75.75 -0.989232 
76.0 -1.0219849 
76.25 -1.054981 
76.5 -1.0879037 
76.75 -1.120663 
77.0 -1.1543406 
77.25 -1.1897503 
77.5 -1.2244173 
77.75 -1.2608272 
78.0 -1.2963665 
78.25 -1.3306165 
78.5 -1.3649185 
78.75 -1.3984622 
79.0 -1.4315412 
79.25 -1.4636744 
79.5 -1.4950273 
79.75 -1.5253005 
80.0 -1.5549142 
80.25 -1.5845454 
80.5 -1.6122699 
80.75 -1.6386628 
81.0 -1.6632031 
81.25 -1.6867886 
81.5 -1.7077724 
81.75 -1.726733 
82.0 -1.7439687 
82.25 -1.7592657 
82.5 -1.7721747 
82.75 -1.7824786 
83.0 -1.7901759 
83.25 -1.795146 
83.5 -1.7977741 
83.75 -1.7982244 
84.0 -1.79622 
84.25 -1.7913445 
84.5 -1.7843033 
84.75 -1.7752697 
85.0 -1.7630916 
85.25 -1.7482393 
85.5 -1.7316327 
85.75 -1.7128451 
86.0 -1.6923773 
86.25 -1.6692097 
86.5 -1.6444498 
86.75 -1.6182063 
87.0 -1.5901108 
87.25 -1.5605175 
87.5 -1.5298896 
87.75 -1.4969021 
88.0 -1.4636376 
88.25 -1.4290464 
88.5 -1.3939098 
88.75 -1.3579195 
89.0 -1.3207088 
89.25 -1.2837226 
89.5 -1.2456074 
89.75 -1.2069286 
90.0 -1.1683173 
90.25 -1.1300471 
90.5 -1.092143 
90.75 -1.0542988 
91.0 -1.0170776 
91.25 -0.9811145 
91.5 -0.944033 
91.75 -0.9076141 
92.0 -0.87137914 
92.25 -0.83605397 
92.5 -0.8016064 
92.75 -0.7676568 
93.0 -0.73550427 
93.25 -0.70399076 
93.5 -0.6729088 
93.75 -0.642931 
94.0 -0.6142956 
94.25 -0.58626825 
94.5 -0.5591448 
94.75 -0.5329063 
95.0 -0.50706774 
95.25 -0.48263672 
95.5 -0.4591022 
95.75 -0.43627918 
96.0 -0.41412562 
96.25 -0.39353994 
96.5 -0.37361878 
96.75 -0.3546245 
97.0 -0.3364907 
97.25 -0.31905884 
97.5 -0.3021945 
97.75 -0.28634694 
98.0 -0.27118316 
98.25 -0.25658408 
98.5 -0.24291193 
98.75 -0.23018476 
99.0 -0.21755835 
99.25 -0.20562741 
99.5 -0.1943876 
99.75 -0.18412268 
100.0 -0.1741147 
100.25 -0.16502468 
100.5 -0.15616584 
100.75 -0.14780286 
101.0 -0.13972451 
101.25 -0.13235559 
101.5 -0.12573677 
101.75 -0.11967317 
102.0 -0.11399885 
102.25 -0.10867898 
102.5 -0.10398475 
102.75 -0.09969379 
103.0 -0.09548724 
103.25 -0.091725454 
103.5 -0.08870864 
103.75 -0.08613183 
104.0 -0.083644986 
104.25 -0.08192958 
104.5 -0.08037684 
104.75 -0.079296485 
105.0 -0.07839329 
105.25 -0.07835703 
105.5 -0.078455895 
105.75 -0.07884261 
106.0 -0.079611205 
106.25 -0.08045484 
106.5 -0.08192333 
106.75 -0.08338097 
107.0 -0.08521725 
107.25 -0.087395 
107.5 -0.08974092 
107.75 -0.09218298 
108.0 -0.09466644 
108.25 -0.09763859 
108.5 -0.10084389 
108.75 -0.10385219 
109.0 -0.10725501 
109.25 -0.11069557 
109.5 -0.11417656 
109.75 -0.11773884 
110.0 -0.12127476 
110.25 -0.12504965 
110.5 -0.12887257 
110.75 -0.13297367 
111.0 -0.13719285 
111.25 -0.1414375 
111.5 -0.14584388 
111.75 -0.15022612 
112.0 -0.15481386 
112.25 -0.15945393 
112.5 -0.16403583 
112.75 -0.16863088 
113.0 -0.17331673 
113.25 -0.17804876 
113.5 -0.18286103 
113.75 -0.18755057 
114.0 -0.19216919 
114.25 -0.19684622 
114.5 -0.20150091 
114.75 -0.20575774 
115.0 -0.20989904 
115.25 -0.21421887 
115.5 -0.2184462 
115.75 -0.222157 
116.0 -0.22595857 
116.25 -0.2297033 
116.5 -0.23381881 
116.75 -0.23751274 
117.0 -0.2409631 
117.25 -0.24436572 
117.5 -0.24751973 
117.75 -0.2500341 
118.0 -0.2521382 
118.25 -0.25382435 
118.5 -0.25529847 
118.75 -0.2567289 
119.0 -0.2574006 
119.25 -0.2574013 
119.5 -0.25790897 
119.75 -0.25811884 
120.0 -0.25804126 
120.25 -0.25779265 
120.5 -0.25730586 
120.75 -0.25676018 
121.0 -0.2558256 
121.25 -0.25449437 
121.5 -0.25334936 
121.75 -0.25152427 
122.0 -0.24899766 
122.25 -0.24737436 
122.5 -0.24529874 
122.75 -0.24343723 
123.0 -0.24147525 
123.25 -0.23888643 
123.5 -0.2354652 
123.75 -0.23323238 
124.0 -0.23131576 
124.25 -0.22941369 
124.5 -0.22739798 
124.75 -0.22603089 
125.0 -0.22438852 
125.25 -0.22293493 
125.5 -0.2216793 
125.75 -0.22043681 
126.0 -0.21950673 
126.25 -0.21939552 
126.5 -0.21877827 
126.75 -0.21831107 
127.0 -0.21794562 
127.25 -0.21771428 
127.5 -0.21778974 
127.75 -0.21808219 
128.0 -0.21867052 
128.25 -0.21941613 
128.5 -0.22044681 
128.75 -0.22231519 
129.0 -0.22395326 
129.25 -0.22746752 
129.5 -0.23126392 
129.75 -0.23352957 
130.0 -0.23585197 
130.25 -0.23833281 
130.5 -0.24108455 
130.75 -0.2441999 
131.0 -0.24755412 
131.25 -0.25137922 
131.5 -0.2555724 
131.75 -0.25986868 
132.0 -0.26509055 
132.25 -0.27028435 
132.5 -0.2766447 
132.75 -0.28343928 
133.0 -0.2892483 
133.25 -0.29536512 
133.5 -0.30133072 
133.75 -0.30751148 
134.0 -0.3135373 
134.25 -0.31973672 
134.5 -0.32605228 
134.75 -0.3326572 
135.0 -0.3392848 
135.25 -0.3452325 
135.5 -0.35283118 
135.75 -0.3629309 
136.0 -0.37080115 
136.25 -0.37847188 
136.5 -0.38652056 
136.75 -0.3941394 
137.0 -0.4006847 
137.25 -0.4070891 
137.5 -0.41296738 
137.75 -0.4183842 
138.0 -0.42360508 
138.25 -0.4285696 
138.5 -0.4334706 
138.75 -0.43909615 
139.0 -0.44341052 
139.25 -0.44671133 
139.5 -0.4505802 
139.75 -0.45444363 
140.0 -0.45767748 
140.25 -0.46030933 
140.5 -0.4628091 
140.75 -0.46523285 
141.0 -0.46716213 
141.25 -0.4683838 
141.5 -0.46957284 
141.75 -0.47053766 
142.0 -0.47140712 
142.25 -0.47204024 
142.5 -0.47253186 
142.75 -0.47342598 
143.0 -0.47381967 
143.25 -0.47415787 
143.5 -0.47450143 
143.75 -0.4747194 
144.0 -0.47512254 
144.25 -0.4756682 
144.5 -0.476175 
144.75 -0.47673422 
145.0 -0.47743326 
145.25 -0.4782782 
145.5 -0.4791302 
145.75 -0.4799357 
146.0 -0.4810374 
146.25 -0.4820121 
146.5 -0.48330796 
146.75 -0.48473454 
147.0 -0.48627198 
147.25 -0.48809987 
147.5 -0.4899317 
147.75 -0.49181682 
148.0 -0.49377277 
148.25 -0.49582446 
148.5 -0.49807262 
148.75 -0.50043106 
149.0 -0.50273687 
149.25 -0.50532085 
149.5 -0.5077128 
149.75 -0.51026 
150.0 -0.512758 
150.25 -0.5154659 
150.5 -0.51801896 
150.75 -0.52069515 
151.0 -0.5232805 
151.25 -0.5258159 
151.5 -0.52843696 
151.75 -0.5310175 
152.0 -0.5336306 
152.25 -0.53619206 
152.5 -0.5386376 
152.75 -0.5410671 
153.0 -0.54340494 
153.25 -0.5456723 
153.5 -0.5478016 
153.75 -0.54981554 
154.0 -0.5517845 
154.25 -0.55358714 
154.5 -0.5554414 
154.75 -0.55682725 
155.0 -0.55827147 
155.25 -0.55934274 
155.5 -0.56053543 
155.75 -0.56160337 
156.0 -0.56233436 
156.25 -0.5628972 
156.5 -0.56330806 
156.75 -0.5635021 
157.0 -0.5635526 
157.25 -0.5634101 
157.5 -0.56314075 
157.75 -0.5627821 
158.0 -0.5623455 
158.25 -0.5617472 
158.5 -0.56097955 
158.75 -0.5601411 
159.0 -0.5591872 
159.25 -0.5581403 
159.5 -0.55708367 
159.75 -0.555992 
160.0 -0.5548209 
160.25 -0.5536246 
160.5 -0.5524634 
160.75 -0.551206 
161.0 -0.5500627 
161.25 -0.5487814 
161.5 -0.547459 
161.75 -0.54614824 
162.0 -0.54495114 
162.25 -0.5436735 
162.5 -0.54238987 
162.75 -0.5410998 
163.0 -0.5397935 
163.25 -0.5384841 
163.5 -0.537222 
163.75 -0.53591096 
164.0 -0.5346673 
164.25 -0.53326714 
164.5 -0.5319314 
164.75 -0.53061736 
165.0 -0.5292679 
165.25 -0.5280466 
165.5 -0.5267602 
165.75 -0.5254205 
166.0 -0.5241203 
166.25 -0.5227442 
166.5 -0.5213722 
166.75 -0.51998854 
167.0 -0.51864517 
167.25 -0.51729697 
167.5 -0.51591074 
167.75 -0.5146327 
168.0 -0.51328415 
168.25 -0.51178545 
168.5 -0.5104079 
168.75 -0.509035 
169.0 -0.50759685 
169.25 -0.5061637 
169.5 -0.504803 
169.75 -0.50345916 
170.0 -0.5021232 
170.25 -0.5007235 
170.5 -0.49940205 
170.75 -0.49804524 
171.0 -0.49664754 
171.25 -0.4953419 
171.5 -0.49403736 
171.75 -0.4927895 
172.0 -0.4915661 
172.25 -0.49033707 
172.5 -0.48914042 
172.75 -0.48800504 
173.0 -0.48693323 
173.25 -0.48587337 
173.5 -0.48485422 
173.75 -0.4838899 
174.0 -0.4829766 
174.25 -0.48211566 
174.5 -0.48128432 
174.75 -0.4804964 
175.0 -0.4797412 
175.25 -0.4790871 
175.5 -0.47849154 
175.75 -0.4779236 
176.0 -0.47742963 
176.25 -0.47698522 
176.5 -0.4766163 
176.75 -0.47630608 
177.0 -0.47607 
177.25 -0.47587037 
177.5 -0.4757185 
177.75 -0.4756088 
178.0 -0.47556973 
178.25 -0.47560185 
178.5 -0.4756797 
178.75 -0.47581065 
179.0 -0.475975 
179.25 -0.47617137 
179.5 -0.47641665 
179.75 -0.47666645 
180.0 -0.4769681 
